A001208 ,3,8,15,26,35,52,69,89,112,146,172,212,259,302,354,418,476,548,633,714,805,902,1012,1127,1254,1382,1524,1678,1841,2010,2188,2382,2584,2801,3020,3256,3508,3772,4043,4326,4628,4941,5272,5606,5960,6334,6723,7120,
A003244 ,1,1,1,2,3,6,9,16,23,35,51,72,97,136,186,230,321,401,526,647,844,1000,1331,1539,1960,2299,2943,3307,4237,4779,5961,6744,8372,9239,11605,12694,15549,17264,21086,22784,27976,30357,36598,39843,47821,
A003270 ,1,2,3,1,3,2,3,1,2,3,2,1,3,1,2,1,3,2,3,1,2,3,2,1,2,3,1,2,1,3,2,3,1,3,2,1,3,1,2,3,2,1,2,3,1,3,2,1,3,1,2,1,3,2,3,1,2,3,2,1,2,3,1,2,1,3,2,3,1,
A003623 ,3,8,11,16,21,24,29,32,37,42,45,50,55,58,63,66,71,76,79,84,87,92,97,100,105,110,113,118,121,126,131,134,139,144,147,152,155,160,165,168,173,176,181,186,189,194,199,202,207,210,215,220,223,228,231,236,241,244,249,
A004081 ,4,8,13,17,22,26,31,36,40,45,49,54,58,63,68,72,77,81,86,90,95,99,104,109,113,118,122,127,131,136,141,145,150,154,159,163,168,173,177,182,186,191,195,200,
A004691 ,0,1,1,2,3,5,10,15,25,42,67,131,220,351,571,1142,1733,3075,5030,10125,15155,25302,42457,67761,132440,222421,355061,577502,1154563,1754265,3131050,5105335,10236405,15343742,25602347,43146311,70750660,134117171,225070051,361207242,
A005878 ,8,24,24,32,48,24,48,72,24,56,72,48,72,72,48,48,120,72,56,96,24,120,120,48,96,96,72,96,120,48,104,168,96,48,120,72,96,192,72,144,96,72,144,120,96,104,192,72,120,192,48,144,216,48,96,120,144,192,168,120,96,216,72,
A006753 ,4,22,27,58,85,94,121,166,202,265,274,319,346,355,378,382,391,438,454,483,517,526,535,562,576,588,627,634,636,645,648,654,663,666,690,706,728,729,762,778,825,852,861,895,913,915,922,958,985,1086,1111,1165,1219,
A008007 ,1,4,11,21,35,53,78,108,140,172,208,250,302,359,417,473,531,598,677,764,852,934,1016,1103,1203,1311,1421,1529,1638,1755,1883,2019,2155,2286,2421,2564,2719,2876,3030,3180,3335,3507,3694,3886,4071,4246,4425,4617,
A010486 ,5,5,6,7,7,6,4,3,6,2,8,3,0,0,2,1,9,2,2,1,1,9,4,7,1,2,9,8,9,1,8,5,4,9,5,2,0,4,7,6,3,9,3,3,7,7,5,7,0,4,1,4,3,0,3,9,6,8,4,3,2,5,8,5,6,0,3,5,8,9,8,3,9,2,5,4,2,3,6,2,9,2,9,2,7,2,1,8,3,9,6,1,8,4,9,2,6,6,7,
A011157 ,2,3,5,2,1,5,8,0,4,5,0,4,9,3,4,7,1,4,5,1,6,9,9,5,5,6,2,7,8,8,3,5,7,0,5,1,3,4,2,8,0,5,3,3,4,4,4,7,3,9,6,4,9,1,5,0,2,8,2,2,3,8,6,9,9,2,3,5,4,6,8,0,6,1,4,8,4,5,9,8,0,3,2,3,2,0,4,7,6,7,3,2,8,2,7,4,2,5,9,
A011464 ,1,0,8,8,2,7,3,5,0,4,6,2,8,1,8,5,4,0,5,0,2,3,1,1,0,0,4,7,1,8,0,4,2,5,9,3,0,1,5,4,6,8,9,0,4,9,0,7,7,1,6,0,1,3,2,3,4,1,5,2,5,0,4,8,8,5,5,4,4,8,0,2,6,4,4,4,1,3,2,2,1,8,1,3,3,0,5,3,0,3,1,9,3,4,3,8,7,7,1,
A014121 ,0,1,2,3,5,7,8,11,13,15,17,19,23,25,26,29,31,37,47,49,55,61,63,65,73,77,79,80,101,115,119,125,127,139,175,179,211,217,227,229,235,239,241,242,247,253,255,269,295,431,473,485,503,509,511,601,665,697,713,721,725,727,728,781,943,997,
A014536 ,1,1,1,1,1,1,1,1,1,1,1,1,1,1,1,1,1,0,0,0,0,0,0,0,0,0,0,0,0,0,0,-1,-1,-1,-1,-1,-1,-1,-1,-1,-1,-1,-1,-1,-1,-1,-1,-1,0,0,0,0,0,0,0,0,0,0,0,0,0,0,0,0,0,0,0,0,0,0,0,0,
A015218 ,1,-1,0,1,-1,0,1,-1,0,1,-1,0,1,0,-1,1,0,-1,1,0,-1,1,0,-1,1,0,0,0,0,0,0,1,-1,0,1,-1,0,1,-1,0,1,-1,0,1,0,-1,1,0,-1,1,0,-1,1,0,-1,1,0,0,0,0,0,0,1,-1,0,1,-1,0,1,-1,0,1,-1,0,1,0,-1,1,0,-1,1,
A015629 ,0,0,0,1,3,12,22,48,75,148,194,335,443,630,804,1192,1401,1977,2345,2980,3525,4651,5222,6612,7588,9117,10314,12781,13879,16945,18903,21845,24217,28301,30496,35980,39410,44481,48147,55816,59277,68205,
A019679 ,2,6,1,7,9,9,3,8,7,7,9,9,1,4,9,4,3,6,5,3,8,5,5,3,6,1,5,2,7,3,2,9,1,9,0,7,0,1,6,4,3,0,7,8,3,2,8,1,2,5,8,8,1,8,4,1,4,5,7,8,7,1,6,0,2,5,6,5,1,3,6,7,1,9,0,5,1,7,4,1,6,5,5,2,3,3,6,2,3,5,4,4,5,1,7,6,4,2,2,
A020165 ,4,6,9,12,18,28,36,45,57,66,133,171,217,246,268,285,301,396,451,469,561,589,685,801,817,1065,1105,1233,1273,1333,1387,1476,1653,1729,1876,1881,2044,2077,2413,2465,2501,2556,2706,2821,2881,3556,3565,3781,3913,4047,
A020209 ,4,8,10,16,20,28,40,52,70,80,85,91,112,121,130,176,190,205,208,232,280,286,292,364,370,451,496,511,520,532,616,671,697,703,730,742,910,946,949,965,976,1036,1105,1168,1261,1288,1387,1435,1456,1541,1606,1729,1891,
A023229 ,2,5,7,13,17,31,41,43,47,61,71,73,101,103,107,113,127,131,157,163,181,191,197,223,233,241,251,281,283,293,307,317,337,367,383,421,433,443,457,461,467,491,503,563,631,643,647,653,673,677,691,733,751,761,787,797,811,
A024186 ,1,1,1,1,2,2,3,4,6,7,10,12,18,22,29,35,48,57,74,91,116,140,177,211,265,319,389,462,566,667,804,949,1131,1324,1573,1827,2153,2502,2917,3364,3916,4491,5187,5937,6813,7760,8879,10058,11448,12950,14658,16500,18632,20894,
A024715 ,1,2,5,7,1,4,0,2,7,2,4,0,4,7,2,1,0,1,2,7,1,0,7,7,2,4,0,4,1,0,1,2,1,4,4,7,7,4,4,1,2,1,0,0,7,4,2,7,7,4,0,7,2,0,1,2,7,1,4,2,0,4,1,7,0,2,1,4,0,2,2,0,1,7,2,0,1,7,0,4,7,2,0,4,7,1,0,0,1,1,4,2,2,4,4,2,1,7,4,2,7,4,0,1,2,0,1,2,7,4,0,
A024835 ,7,17,31,49,81,111,157,197,257,307,381,441,529,625,703,813,931,1025,1157,1297,1407,1561,1723,1849,2025,2209,2401,2551,2757,2971,3193,3365,3601,3845,4097,4291,4557,4831,5113,5329,5625,5929,6241,6561,6807,7141,7483,7833,
A025702 ,1,2,4,7,11,16,22,29,36,44,53,63,74,86,99,112,126,141,157,174,192,211,230,250,271,293,316,340,365,390,416,443,471,500,530,561,593,625,658,692,727,763,800,838,876,915,955,996,1038,1081,1125,1169,1214,1260,1307,1355,1404,1454,1504,1555,1607,1660,1714,1769,1825,1881,
A027916 ,2,5,8,13,19,25,33,42,51,62,74,86,100,115,130,147,165,183,203,224,245,268,292,316,342,369,396,425,455,485,517,550,583,618,654,690,728,767,806,847,889,931,975,1020,1065,1112,1160,1208,1258,1309,1360,1413,1467,
A028618 ,1,0,4,0,4,0,0,8,4,16,8,8,0,16,16,16,4,0,36,24,8,16,16,0,0,16,44,16,16,16,48,8,4,32,24,32,36,32,48,64,8,32,48,16,16,48,32,40,0,32,44,48,44,32,48,48,16,32,56,40,48,32,
A028904 ,0,1,2,3,4,5,6,7,8,9,9,10,11,12,13,14,15,16,17,18,18,19,20,21,22,23,24,25,26,27,27,28,29,30,31,32,33,34,35,36,36,37,38,39,40,41,42,43,44,45,45,46,47,48,49,50,51,52,53,54,54,55,56,57,58,59,60,61,62,63,63,64,65,66,67,68,69,70,71,72,72,73,74,75,76,77,78,79,80,81,81,82,83,84,85,86,87,88,89,90,81,82,83,84,85,86,87,88,89,90,90,91,92,93,
A030998 ,0,1,2,3,4,5,6,1,0,1,1,1,2,1,3,1,4,1,5,1,6,2,0,2,1,2,2,2,3,2,4,2,5,2,6,3,0,3,1,3,2,3,3,3,4,3,5,3,6,4,0,4,1,4,2,4,3,4,4,4,5,4,6,5,0,5,1,5,2,5,3,5,4,5,5,5,6,6,0,6,1,6,2,6,3,6,4,6,5,6,6,
A033230 ,43,47,59,79,107,173,181,197,239,293,367,397,443,461,487,613,619,643,701,719,769,787,797,809,827,857,977,1013,1049,1063,1091,1129,1171,1217,1399,1487,1543,1549,1559,1597,
A033765 ,1,1,1,3,1,2,5,2,3,7,4,4,10,3,3,11,6,4,12,6,5,19,6,8,16,7,10,17,7,8,25,10,9,20,8,8,27,12,11,30,11,14,27,12,14,29,14,12,37,15,11,42,15,14,34,12,16,44,18,16,36,18,17,39,17,20,59,18,19,42,22,24,49,
A034040 ,9,16,18,25,36,49,50,72,81,98,99,100,121,126,144,162,169,196,198,200,207,224,225,252,275,288,289,324,333,338,350,361,387,392,396,400,414,441,450,477,504,512,522,539,550,575,576,578,625,639,648,
A035612 ,1,2,3,1,4,1,2,5,1,2,3,1,6,1,2,3,1,4,1,2,7,1,2,3,1,4,1,2,5,1,2,3,1,8,1,2,3,1,4,1,2,5,1,2,3,1,6,1,2,3,1,4,1,2,9,1,2,3,1,4,1,2,5,1,2,3,1,6,1,2,3,1,4,1,2,7,1,2,3,1,4,1,2,5,1,2,3,1,10,1,2,3,1,4,1,2,5,1,2,
A035796 ,1,1,2,2,3,18,4,48,6,5,36,100,144,6,200,180,600,7,450,900,294,24,300,1800,8,882,7200,448,1200,1470,4410,9,1568,22050,648,7200,3136,1800,9408,10,14700,2592,16200,1960,56448,900,29400,6048,22050,18144,
A037283 ,1,1,13,1,15,13,17,1,139,15,111,13,113,17,13515,1,117,139,119,15,13721,111,123,13,1525,113,13927,17,129,13515,131,1,131133,117,15735,139,137,119,131339,15,141,13721,143,111,13591545,123,147,13,1749,1525,131751,
A038617 ,2,3,5,7,11,13,17,23,31,37,41,43,47,53,61,67,71,73,83,101,103,107,113,127,131,137,151,157,163,167,173,181,211,223,227,233,241,251,257,263,271,277,281,283,307,311,313,317,331,337,347,353,367,373,383,401,421,
A039309 ,14,51,63,99,101,102,103,104,105,119,126,133,140,149,161,198,210,247,259,296,308,352,358,360,361,362,363,366,373,380,387,394,406,442,444,445,446,447,448,462,469,476,483,492,504,541,553,590,602,639,651,688,
A040051 ,1,1,0,1,1,1,1,1,0,0,0,0,1,1,1,0,1,1,1,0,1,0,0,1,1,0,0,0,0,1,0,0,1,1,0,1,1,1,1,1,0,1,0,1,1,0,0,0,1,1,0,1,1,1,1,0,1,0,0,0,1,1,0,1,0,0,0,1,1,1,0,1,1,1,0,0,1,1,0,0,0,1,1,1,0,1,0,1,1,1,1,1,1,1,0,1,0,0,0,1,0,0,1,0,1,
A040366 ,19,1,1,1,4,1,18,1,4,1,1,1,38,1,1,1,4,1,18,1,4,1,1,1,38,1,1,1,4,1,18,1,4,1,1,1,38,1,1,1,4,1,18,1,4,1,1,1,38,1,1,1,4,1,18,1,4,1,1,1,38,1,1,1,4,1,18,1,4,1,1,1,38,1,1,1,4,1,18,1,4,1,1,1,38,1,1,
A040655 ,26,8,1,2,5,2,5,2,1,8,52,8,1,2,5,2,5,2,1,8,52,8,1,2,5,2,5,2,1,8,52,8,1,2,5,2,5,2,1,8,52,8,1,2,5,2,5,2,1,8,52,8,1,2,5,2,5,2,1,8,52,8,1,2,5,2,5,2,1,8,52,8,1,2,5,2,5,2,1,8,52,8,1,2,5,2,5,2,1,8,
A042993 ,2,3,5,7,13,17,23,37,43,47,53,67,73,83,97,103,107,113,127,137,157,163,167,173,193,197,223,227,233,257,263,277,283,293,307,313,317,337,347,353,367,373,383,397,433,443,457,
